code
1506529
1514400
1414336
1487647
1477647
1489957
1495178
1506463
1508667
1514351
1431298
1502933
1508951
1502786
1499934
1509910
1506467
1502251
1414648
1499206
1514400
1506529
1508667
1487923
1511210
1414336
1502786
1506463
1487647
1477647
1505311
1489957
1466301
1508533
1509910
1502933
1495178
1431298
1511210
1506529
1499206
1414336
1509240
1514400
1487923
1508667
1042314
1414648
1431298
1508533
1505311
1509910
1506463
1502786
1489957
1509240
1414336
1042314
1511210
1493044
1505611
1506529
1500283
1502786
1505311
1515253
1499206
1508533
1511212
1508951
1514400
1508667
1475838
1509910
1501167
1373173
1420143
1487923
1502251
1506463
1509240
1414336
1504846
1505611
1421359
1042314
1499680
1500283
1502786
1507744
1506529
1493044
1511210
1475838
1245662
1499562
1506343
1420143
1468299
1515552
1507091
1463341
1499562
1414336
1421359
1509240
1505611
1506467
1506604
1500283
1431298
1506529
1499680
1042314
1475838
1504846
1420143
1487647
1490131
1502786
1511212
1508667
1507091
1463341
1414336
1499562
1509240
1508667
1505611
1420143
1505311
1414648
1502786
1508533
1502251
1506529
1500283
1497186
1373173
1499680
1508951
1504846
1513325
1506379
1463341
1506463
1499562
1509295
1507091
1505611
1508667
1414336
1509240
1500283
1420143
1508951
1506529
1510417
1511316
1505311
1507577
1513325
1509295
1506379
1506469
1507091
1506343
1511210
1499562
1514351
1463341
1502786
1505611
1414648
1414336
1506529
1516672
1506463
1508951
1508667
1503672
1510417
1507577
1513325
1509295
1510080
1506469
1499562
1506343
1506379
1509240
1495319
1511210
1514351
1507091
1505611
1506529
1463341
1515253
1414336
1511316
1509344
1511316
1510417
1503672
1499562
1513325
1380266
1507091
1509295
1509240
1507577
1506343
1510080
1506379
1502786
1495319
1514351
1506469
1420143
1505611
1511210
1492600
1506529
1490131
1515346
1511316
1503672
1510417
1499562
1509344
1507091
1509240
1380266
1504309
1513325
1509295
1506343
1463341
1502786
1515253
1420143
1507577
1495319
1506379
1505611
1510080
1460921
1414648
1445192
1515346
1511320
1503672
1511316
1499562
1513325
1510417
1393769
1509240
1509598
1507091
1509344
1506379
1514351
1504309
1506343
1380266
1505611
1507577
1465160
1515346
1511320
1499562
1510417
1483586
1503672
1506379
1511718
1511316
1514351
1463341
1515253
1513325
1502786
1465160
1505611
1507091
1504309
1509598
1509295
1373173
1507577
1393769
1501684
1509240
1506529
1515369
1499562
1515346
1511718
1511320
1513325
1483586
1510417
1509240
1506379
1503672
1509295
1514351
1511992
1511316
1465160
1505611
1504309
1515253
1507091
1420143
1463341
1500283
1517286
1503385
1515654
1515369
1515346
1511320
1511992
1499562
1513325
1503672
1510417
1502786
1506379
1511718
1515253
1514351
1507091
1483586
1495319
1509295
1509240
1516672
1517286
1515654
1516672
1514335
1503385
1515369
1499562
1473869
1510417
1509295
1509240
1515346
1511992
1513325
1502786
1514351
1503672
1511320
1506379
1504993
1505611
1393769
1420143
1503385
1517286
1515654
1516672
1515369
1514335
1510417
1499562
1473869
1513325
1511316
1514351
1504993
1463341
1495319
1509295
1420143
1509240
1486181
1503672
1508951
1511992
1515346
1517286
1515654
1516672
1503385
1515369
1499562
1511316
1515346
1514335
1499680
1509240
1506379
1473869
1486181
1502786
1509295
1510417
1520355
1514351
1504993
1511992
1513325
1459994
1486181
1517286
1516220
1515654
1499562
1516672
1504309
1510417
1507091
1515369
1514335
1473869
1503385
1515346
1509240
1506379
1511316
1499680
1495319
1511992
1507303
1516220
1503385
1515369
1486181
1515654
1502786
1504309
1517286
1516672
1509295
1463341
1514351
1499562
1514335
1473869
1495676
1515346
1420143
1412526
1510417
1507091
1245068
1507303
1393769
1511992
1504993
1514064
1515369
1500584
1516220
1515346
1509240
1486181
1511316
1517286
1515654
1503385
1505611
1514351
1516672
1504993
1502786
1504309
1514335
1499562
1495676
1473869
1500283
1510417
1245068
1515843
1514064
1515369
1517286
1516220
1516822
1509240
1500584
1515346
1502786
1511320
1486181
1509910
1514351
1515654
1517585
1505611
1245068
1504993
1495676
1503385
1487647
1499562
1420143
1515843
1516822
1515369
1514064
1502786
1495178
1509295
1517286
1504993
1516220
1517585
1509910
1420143
1509240
1515654
1515346
1487647
1495676
1499562
1514335
1511992
1245068
1503385
1486181
1516672
1510417
1519734
1515843
1516822
1517585
1499562
1514064
1495178
1499680
1515369
1502786
1516220
1514193
1517286
1518357
1500584
1420143
1507303
1509240
1373173
1515654
1504993
1495676
1509910
1519734
1502786
1516822
1515843
1515654
1463801
1514064
1423776
1509240
1514193
1515346
1516220
1511212
1498982
1499562
1509910
1517585
1420143
1333481
1515369
1511992
1504993
1518357
1373173
1518354
1515369
1514351
1502786
1463801
1423776
1519734
1506379
1520019
1516822
1515843
1514193
1420143
1499680
1511316
1516220
1504309
1515654
1514064
1509240
1520019
1518354
1515843
1514064
1489957
1514351
1423776
1436265
1463801
1515369
1502786
1519734
1517585
1420143
1511212
1506379
1516822
1511992
1517315
1479083
1520019
1489957
1518354
1515346
1507091
1514351
1436265
1515843
1423776
1514064
1519734
1515369
1463801
1502786
1516822
1498982
1211366
1420143
1500283
1513152
1518926
1512149
1518357
1517315
1509794
1499562
1509240
1515654
1502786
1514064
1511320
1479083
1518354
1520019
1514351
1516822
1515843
1509295
1520993
1420143
1423776
1436265
1519734
1514060
1518357
1513152
1518989
1522344
1518926
1512149
1517315
1479083
1502786
1518606
1333481
1515335
1499785
1509794
1509240
1499562
1515843
1520993
1515654
1520019
1515369
