code
1523086
1526084
1524189
1523470
1521712
1513136
1519132
1507471
1523650
1513942
1525206
1529261
1521721
1482249
1380266
1525846
1520171
1525196
1524936
1521400
1478709
1499562
1521445
1530361
1526724
1523086
1526084
1523470
1524189
1523650
1521712
1507471
1524936
1513942
1525206
1521721
1482249
1466295
1502786
1514351
1513136
1524512
1521400
1519132
1525196
1520171
1525846
1380266
1461084
1499562
1529261
1524860
1526084
1523470
1523086
1524189
1513942
1525206
1528122
1507471
1521712
1521400
1524936
1523650
1521721
1513136
1518234
1482249
1530361
1466295
1520171
1525846
1526538
1524860
1527479
1528805
1524189
1523470
1523650
1526084
1524936
1518234
1466295
1502786
1525206
1523086
1521400
1514351
1511515
1507471
1521721
1523832
1513942
1530361
1497397
1528468
1527303
1528805
1526538
1526084
1527479
1521712
1523086
1523470
1384989
1518234
1524860
1525206
1524936
1521400
1524189
1433867
1507471
1521279
1523650
1529060
1528468
1529236
1527303
1518234
1523086
1526084
1513136
1502786
1524936
1514351
1521400
1525206
1523470
1528805
1526875
1384989
1526538
1527479
1524860
1525196
1524189
1521712
1509295
1516267
1528138
1528468
1529060
1524804
1529236
1518234
1527303
1521712
1526084
1523086
1521400
1524936
1523470
1513136
1525206
1384989
1502786
1527479
1524189
1528805
1530361
1524860
1529060
1521712
1528468
1524804
1523470
1529236
1518234
1522370
1524860
1502786
1527303
1526084
1521400
1511515
1520171
1523086
1525206
1524936
1529060
1521712
1522370
1528468
1493044
1527303
1524860
1521400
1523470
1526084
1523086
1511515
1514351
1499562
1524804
1518234
1529236
1498982
1525206
1519306
1509295
1529261
1530361
1502786
1510401
1529060
1526084
1523086
1493044
1522370
1528468
1395714
1502786
1466295
1513136
1521400
1533705
1499562
1526834
1527303
1521712
1523470
1519306
1524860
1520255
1528043
1528468
1510401
1529060
1526834
1521712
1526084
1493044
1523086
1523650
1527303
1509295
1395714
1514351
1522370
1502786
1499562
1523470
1521400
1530753
1529058
1503049
1528768
1526875
1528604
1528043
1520255
1529060
1526834
1520355
1528468
1519861
1519306
1510401
1526084
1395714
1523086
1509295
1466295
1523650
1531130
1493044
1522370
1525337
1521400
1527303
1521712
1530409
1527650
1525856
1528768
1526875
1528604
1523086
1502786
1529003
1495319
1520255
1527584
1529060
1528043
1528468
1526084
1519306
1529058
1520355
1526834
1514351
1511515
1525337
1531364
1509295
1395714
1510401
1524177
1516267
1530409
1527650
1525856
1528468
1526875
1528768
1529003
1514060
1521712
1502786
1523086
1524567
1528604
1519306
1527584
1526084
1529060
1531130
1520255
1529058
1534761
1530753
1525337
1509295
1462478
1528043
1530409
1524177
1516267
1527650
1528768
1514060
1521712
1524567
1530753
1526875
1525856
1529003
1528468
1524512
1518234
1527303
1523086
1528604
1526084
1502786
1525337
1519306
1529060
1513152
1527584
1509295
1528768
1530409
1524177
1516267
1513152
1528043
1530762
1530753
1527650
1502786
1514060
1456816
1524567
1466295
1526875
1521400
1529003
1514351
1526084
1461084
1525856
1528468
1528604
1519306
1530400
1516267
1528768
1524177
1523086
1530409
1528043
1526875
1530753
1513152
1523650
1456816
1518234
1530762
1514060
1521400
1527650
1462478
1526084
1528604
1466295
1509295
1502786
1528138
1518913
1466266
1530400
1516267
1524177
1528768
1526875
1527650
1530409
1502786
1523650
1527766
1531457
1523086
1506151
1528604
1530753
1514351
1525466
1528043
1514060
1513152
1387019
1530201
1521400
1525577
1528138
1527766
1518913
1466266
1524177
1531457
1526875
1506151
1387019
1516267
1530201
1528768
1530409
1530753
1530400
1445388
1525466
1514060
1502786
1523650
1531136
1523086
1529058
1525577
1527766
1533312
1524177
1524804
1466266
1528138
1502786
1531457
1387019
1518913
1526875
1506151
1530409
1528768
1530201
1530753
1535990
1516267
1514351
1531136
1479489
1531364
1533717
1531130
1531136
1529058
1529232
1535990
1525577
1533312
1527766
1525256
1531489
1523086
1526875
1527650
1387019
1524578
1524177
1530753
1523650
1524804
1530201
1530400
1530409
1502786
1528768
1479489
1528138
1531364
1516267
1466266
1506151
1531364
1525339
1531136
1531130
1531489
1529058
1527650
1525577
1529232
1502786
1535990
1524578
1400885
1533312
1527766
1387019
1466266
1532259
1525256
1526875
1479489
1530753
1530409
1530201
1524177
1518913
1531364
1531130
1531136
1525339
1531489
1527650
1529058
1524578
1529232
1532259
1495258
1400885
1533312
1525577
1535990
1513942
1502786
1531457
1387019
1530201
1526834
1530753
1527766
1534725
1528261
1531130
1531364
1531136
1530409
1525339
1502786
1513942
1495258
1420143
1533312
1466266
1531489
1529058
1526834
1527766
1466295
1532322
1524578
1532259
1527650
1525577
1530201
1530075
1534725
1533992
1528261
1513942
1531364
1531136
1525577
1495258
1525339
1531130
1531621
1466266
1420143
1466295
1529232
1533312
1531489
1502786
1523650
1351053
1518234
1529058
1530409
1526834
1532322
1530201
1479489
1524578
1467379
1533992
1530075
1532353
1528928
1534725
1531364
1531136
1513942
1489512
1528261
1525339
1502786
1530400
1531621
1537526
1466266
1524578
1495258
1531130
1532322
1351053
1525577
1529232
1420143
1533312
1529058
1524512
1525337
1523563
1533669
1532322
1530075
1531136
1534725
1531621
1528928
1503672
1525577
1533992
1536341
1533312
1489512
1532353
1528261
1531364
1514351
1513942
1351053
1537526
1468512
1531130
1527766
1509295
1466266
1525339
1502786
1529058
1533669
1536341
1523563
1503672
1525337
1532322
1518234
1531621
1530075
1534725
1533312
1531136
1531364
1535564
1528928
1529232
1467379
1468512
1525577
