code
1542189
1529068
1539139
1531537
1538852
1509111
1530201
1445396
1541915
1536393
1536132
1540097
1533312
1539587
1448875
1538225
1523853
1539146
1536975
1534994
1534388
1545291
1544267
1535984
1543043
1523853
1529068
1539139
1538852
1531537
1542189
1525613
1530201
1536393
1509111
1541915
1538225
1445396
1533312
1536132
1520255
1539146
1536975
1538667
1514351
1434228
1535353
1540217
1540097
1534388
1534241
1540438
1542189
1535984
1538852
1523853
1531537
1525613
1543043
1538573
1529068
1544892
1539139
1530201
1537721
1461267
1518067
1538225
1531467
1536393
1533312
1541915
1542589
1536132
1539146
1445396
1544544
1540438
1544892
1534241
1540044
1542189
1542667
1531537
1538852
1507744
1535984
1543043
1523853
1536393
1509111
1538590
1538573
1529068
1525613
1540097
1539587
1530201
1541842
1539139
1461267
1531467
1544892
1539840
1540438
1544544
1540044
1542667
1536136
1534241
1542189
1543043
1507744
1539139
1538852
1540097
1531537
1518067
1538590
1523853
1535353
1294184
1538573
1538833
1509111
1529068
1535984
1538225
1530201
1545291
1537538
1539840
1543616
1544892
1540438
1544544
1540044
1541915
1542189
1542667
1492613
1536136
1507744
1294184
1534241
1536393
1539139
1543043
1538852
1541842
1540679
1538833
1526538
1509111
1540097
1541382
1543616
1537538
1545291
1544544
1544892
1540438
1536975
1539840
1538852
1492613
1534241
1542667
1536393
1539146
1540679
1536136
1543043
1540097
1538225
1294184
1542189
1526538
1515198
1540044
1542368
1541952
1540217
1541382
1543616
1544892
1523853
1529068
1540044
1537538
1540679
1540438
1545291
1543043
1538852
1539146
1534241
1541840
1544544
1542667
1536975
1515198
1514351
1539840
1542189
1536136
1538225
1541228
1540679
1523853
1543616
1502786
1540438
1545291
1529068
1538833
1538852
1468512
1540044
1534241
1537538
1542189
1542667
1544267
1509295
1542017
1537287
1541228
1540217
1506412
1528138
1539840
1541382
1543616
1542206
1540679
1543625
1544267
1523853
1468512
1538852
1538833
1544045
1542017
1537287
1541228
1535984
1542200
1538852
1542368
1543616
1540438
1468512
1515198
1541840
1540217
1534691
1507744
1539840
1541382
1506412
1544921
1540679
1540097
1538448
1543207
1540895
1542017
1544045
1541228
1537287
1540217
1528138
1515198
1540438
1535984
1468512
1499562
1538833
1542368
1539840
1543616
1543003
1540016
1543207
1538448
1540895
1541672
1541228
1542017
1544892
1499562
1540438
1529151
1544045
1548744
1541952
1540217
1468512
1537287
1542387
1535189
1525775
1528138
1535275
1544921
1515198
1544544
1537538
1542387
1541042
1541672
1543003
1543207
1540016
1541767
1540895
1544892
1542200
1541952
1529151
1538448
1543616
1537538
1541228
1540097
1540438
1548744
1542667
1548744
1542387
1541042
1544892
1541672
1543003
1534241
1058915
1543207
1539840
1542492
1540016
1542017
1480596
1544045
1540895
1541767
1493044
1543040
1528138
1523853
1540097
1541952
1541228
1540438
1542378
1539547
1548744
1542492
1542387
1541042
1541672
1058915
1493044
1534241
1543003
1543207
1541952
1542368
1544231
1542017
1523853
1540895
1540438
1480596
1535189
1541228
1540217
1542200
1514351
1537538
1541818
1542378
1539547
1548744
1542387
1493044
1542017
1544052
1542492
1541042
1535275
1539840
1541672
1540217
1542200
1540016
1058915
1542368
1480596
1534241
1519306
1543003
1541952
1536136
1540895
1542589
1543449
1541818
1544491
1535275
1548744
1542378
1539547
1493044
1542387
1541672
1536837
1542492
1519306
1543616
1542200
1528138
1541042
1544052
1542017
1540097
1539840
1490131
1540217
1543449
1540509
1542589
1541818
1541867
1542387
1529232
1548744
1544491
1539547
1535275
1536837
1542378
1493044
1535984
1058915
1520255
1541672
1542368
1541228
1542492
1473929
1543207
1519306
1542214
1542017
1540509
1543449
1542589
1539547
1426439
1542387
1541818
1529232
1544491
1548744
1541867
1539840
1520255
1541042
1493044
1542214
1542378
1536837
1543003
1550353
1540016
1520259
1543616
1535275
1542667
1542017
1543833
1545642
1542378
1541818
1540509
1540646
1543449
1548744
1528138
1426439
1542589
1529232
1542017
1520255
1541867
1542214
1529840
1539547
1542387
1541672
1544491
1520259
1538296
1540895
1542200
1539840
1541042
1495258
1544267
1549564
1543833
1545642
1542593
1539547
1529068
1541818
1543449
1540509
1538296
1542378
1520255
1542214
1548744
1542387
1542492
1542589
1529840
1542017
1540646
1058915
1519973
1529232
1510417
1542811
1528138
1544491
1542811
1544267
1549564
1542593
1545642
1519973
1543833
1540509
1542198
1538296
1520255
1510417
1541818
1538448
1535984
1539547
1541042
1542492
1542387
1542214
1540016
1495258
1543449
1542378
1498217
1548744
1542017
1544491
1535275
1520259
1529068
1544917
1542811
1519973
1544267
1549564
1543833
1510417
1542593
1528138
1545642
1541042
1392498
1540646
1538296
1544045
1541818
1520259
1542387
1539547
1538448
1542198
1540509
1548744
1542378
1520255
1495258
1543612
1542811
1544917
1545642
1544267
1549564
1543833
1529068
1519973
1510417
1175893
1490131
1531674
1542593
1392498
1542017
1528138
1539547
1495258
1542214
1538296
1543449
1541818
1544920
1544921
1543612
1543833
1490131
1531674
1542811
1545483
1543449
1549564
1058915
1175893
1543725
1544917
1495258
1545642
1542593
1544267
1510417
1542456
1540016
1529068
1543537
1532353
1519973
1542589
1541818
1544920
1541110
1543725
1544921
1537697
1543612
1531674
1543833
1490131
1545483
1542456
1544917
1543537
1542811
1543449
1547234
1495258
1175893
1548102
1519973
1542593
1549564
1545642
1544267
1058915
1542200
1543725
1548542
1547234
1541110
1544921
1531674
1545642
1545483
1543537
1543612
1544917
1543833
1490131
