1523086
1526084
1524189
1523470
1521712
1513136
1519132
1507471
1523650
1513942
1529261
1521721
1482249
1380266
1525846
1520171
1525196
1524936
1521400
1478709
1499562
1521445
1530361
1526724
1523086
1526084
1523470
1524189
1523650
1521712
1507471
1524936
1513942
1521721
1482249
1466295
1502786
1514351
1513136
1524512
1521400
1519132
1525196
1520171
1525846
1380266
1461084
1499562
1529261
1524860
1526084
1523470
1523086
1524189
1513942
1528122
1507471
1521712
1521400
1524936
1523650
1521721
1513136
1518234
1482249
1530361
1466295
1520171
1525846
1524512
1526538
1524860
1527479
1528805
1524189
1523470
1523650
1526084
1524936
1518234
1466295
1502786
1523086
1521400
1514351
1511515
1507471
1521721
1513942
1530361
1497397
1516267
1528468
1527303
1528805
1526538
1526084
1527479
1521712
1523086
1523470
1518234
1524860
1524936
1521400
1524189
1433867
1507471
1521279
1523650
1502786
1529060
1528468
1529236
1527303
1518234
1523086
1526084
1513136
1502786
1524936
1514351
1521400
1523470
1528805
1526875
1526538
1527479
1524860
1525196
1524189
1521712
1516267
1528138
1513942
1528468
1529060
1524804
1529236
1518234
1527303
1521712
1526084
1523086
1521400
1524936
1523470
1513136
1502786
1527479
1524189
1528805
1530361
1524860
1531130
1528138
1529060
1521712
1528468
1524804
1523470
1529236
1518234
1522370
1524860
1502786
1527303
1526084
1521400
1511515
1520171
1523086
1524936
1530361
1524189
1529060
1521712
1522370
1528468
1493044
1527303
1524860
1521400
1523470
1526084
1523086
1511515
1514351
1499562
1524804
1518234
1529236
1498982
1519306
1529261
1530361
1502786
1524936
1451147
1510401
1529060
1526084
1523086
1493044
1522370
1528468
1502786
1466295
1513136
1521400
1533705
1499562
1526834
1527303
1521712
1523470
1519306
1524860
1520255
1528043
1528468
1510401
1529060
1526834
1521712
1526084
1493044
1523086
1523650
1527303
1514351
1522370
1502786
1499562
1523470
1521400
1530753
1529058
1503049
1528768
1526875
1528043
1520255
1529060
1526834
1520355
1528468
1519861
1519306
1510401
1526084
1523086
1466295
1523650
1531130
1493044
1522370
1521400
1527303
1521712
1502786
1523470
1530409
1529058
1530409
1527650
1525856
1528768
1526875
1523086
1502786
1529003
1495319
1520255
1527584
1529060
1528043
1528468
1526084
1519306
1529058
1520355
1526834
1514351
1511515
1531364
1510401
1524177
1516267
1530409
1527650
1525856
1528468
1526875
1528768
1529003
1514060
1521712
1502786
1523086
1524567
1519306
1527584
1526084
1529060
1531130
1520255
1529058
1534761
1530753
1462478
1528043
1530409
1524177
1516267
1527650
1528768
1514060
1521712
1524567
1530753
1526875
1525856
1529003
1528468
1524512
1518234
1527303
1523086
1526084
1502786
1519306
1529060
1527584
1528768
1530409
1524177
1516267
1528043
1530762
1530753
1527650
1502786
1514060
1456816
1524567
1466295
1526875
1521400
1529003
1514351
1526084
1461084
1525856
1528468
1519306
1530400
1516267
1528768
1524177
1523086
1530409
1528043
1526875
1530753
1523650
1456816
1518234
1530762
1514060
1521400
1527650
1462478
1526084
1466295
1502786
1533717
1528138
1518913
1466266
1530400
1516267
1524177
1528768
1526875
1527650
1530409
1502786
1523650
1527766
1531457
1523086
1506151
1530753
1514351
1525466
1528043
1514060
1526084
1387019
1530201
1521400
1445388
1530762
1525577
1528138
1527766
1518913
1466266
1524177
1531457
1526875
1506151
1387019
1516267
1530201
1528768
1530409
1530753
1530400
1445388
1527650
1525466
1526084
1514060
1502786
1523650
1531136
1523086
1524804
1529058
1525577
1527766
1533312
1524177
1524804
1466266
1528138
1502786
1531457
1387019
1518913
1526875
1506151
1530409
1528768
1530201
1530753
1535990
1516267
1514351
1531136
1479489
1526084
1531364
1533717
1527650
1531130
1531136
1529058
1535990
1525577
1533312
1527766
1525256
1531489
1523086
1526875
1527650
1387019
1524578
1524177
1530753
1523650
1524804
1530201
1530400
1530409
1502786
1528768
1479489
1526084
1528138
1531364
1516267
1466266
1506151
1531364
1525339
1531136
1531130
1531489
1529058
1527650
1525577
1502786
1535990
1524578
1400885
1533312
1527766
1387019
1466266
1532259
1525256
1526875
1479489
1530753
1530409
1530201
1524177
1518913
1526084
1516267
1531364
1531130
1531136
1525339
1531489
1527650
1529058
1524578
1532259
1495258
1400885
1533312
1525577
1535990
1513942
1502786
1531457
1387019
1530201
1526834
1530753
1527766
1526084
1534725
1528261
1531130
1531364
1531136
1530409
1525339
1502786
1513942
1495258
1420143
1533312
1466266
1531489
1529058
1526834
1527766
1466295
1532322
1524578
1532259
1527650
1525577
1530201
1526084
1530075
1534725
1533992
1528261
1513942
1531364
1531136
1525577
1495258
1525339
1531130
1531621
1466266
1420143
1466295
1533312
1531489
1502786
1523650
1351053
1518234
1529058
1530409
1526834
1532322
1530201
1479489
1524578
1467379
1527766
1533992
1530075
1532353
1534725
1531364
1531136
1513942
1489512
1528261
1525339
1502786
1530400
1531621
1466266
1524578
1495258
1531130
1532322
1351053
1525577
1420143
1533312
1529058
1524512
1530201
1533669
1532322
1530075
1531136
1534725
1531621
1503672
1525577
1533992
1536341
1533312
1489512
1532353
1528261
1531364
1514351
1513942
1351053
1468512
1531130
1527766
1466266
1525339
1502786
1529058
1495258
1535990
1526084
1533669
1536341
1503672
1532322
1518234
1531621
1530075
1534725
1533312
1531136
1531364
1535564
1467379
1468512
1525577
1489512
1531489
1533992
1531130
1529058
1513942
1351053
1526084
1532353
1530201
1525339
1528261
1531130
1536341
1529077
1533669
1503672
1518234
1528138
1467379
1532729
1530075
1534725
1502786
1532322
1445388
1533992
1533312
1528261
1468512
1510401
1531364
1531136
1529236
1531621
1529058
1535564
1531489
1532729
1531130
1528768
1520355
1536341
1529077
1503672
1533669
1533992
1445388
1514351
1534725
1533312
1467379
1530075
1531364
1518234
1528138
1532322
1531136
1530201
1502786
1533717
1490131
1528261
1531621
1528768
1532729
1529058
1533669
1529236
1530075
1534725
1520355
1502786
1536341
1503672
1531130
1528261
1445388
1523650
1535849
1533312
1533992
1529077
1527766
1538661
1436265
1531364
1514351
1530201