1542189
1539139
1531537
1538852
1509111
1530201
1445396
1541915
1536393
1536132
1540097
1533312
1539587
1448875
1523853
1539146
1536975
1534994
1534388
1431167
1544267
1538667
1535353
1502786
1535984
1543043
1523853
1539139
1538852
1531537
1542189
1525613
1530201
1536393
1509111
1541915
1445396
1533312
1536132
1520255
1431167
1539146
1536975
1538667
1514351
1434228
1535353
1540097
1534388
1534241
1540438
1541594
1542189
1535984
1538852
1523853
1531537
1525613
1543043
1538573
1544892
1539139
1530201
1537721
1461267
1518067
1531467
1536393
1533312
1541915
1542589
1536132
1539146
1445396
1431167
1541952
1538590
1536975
1544544
1540438
1544892
1534241
1540044
1541594
1542189
1531537
1538852
1507744
1535984
1543043
1523853
1536393
1509111
1538590
1538573
1525613
1540097
1539587
1530201
1541842
1539139
1461267
1531467
1533312
1544892
1539840
1540438
1544544
1540044
1534241
1542189
1541594
1543043
1507744
1539139
1538852
1540097
1531537
1518067
1538590
1523853
1535353
1294184
1538573
1538833
1509111
1535984
1530201
1431167
1541842
1536393
1542327
1537538
1539840
1543616
1544892
1540438
1544544
1540044
1541915
1542189
1492613
1541594
1507744
1294184
1534241
1536393
1539139
1543043
1538852
1541842
1540679
1538833
1526538
1509111
1540097
1531537
1541382
1543616
1537538
1542327
1544544
1544892
1540438
1536975
1539840
1538852
1492613
1534241
1536393
1539146
1540679
1543043
1540097
1294184
1542189
1526538
1515198
1540044
1544921
1503049
1541915
1507744
1542368
1541952
1541382
1543616
1544892
1523853
1540044
1537538
1540679
1542327
1540438
1543043
1538852
1539146
1534241
1541840
1544544
1536975
1515198
1514351
1539840
1542189
1536393
1541228
1541952
1542200
1542368
1543625
1544892
1541382
1541840
1540679
1523853
1543616
1502786
1540438
1538833
1538852
1542327
1468512
1540044
1534241
1537538
1542189
1544267
1536393
1526538
1537287
1541228
1544045
1541840
1542200
1541952
1544892
1542368
1540438
1542327
1506412
1528138
1539840
1541382
1543616
1542206
1540679
1543625
1544267
1523853
1468512
1538852
1538833
1502786
1544045
1537287
1541228
1528138
1541952
1544892
1535984
1542200
1538852
1542368
1541594
1543616
1540438
1468512
1515198
1541840
1542327
1534691
1507744
1539840
1541382
1506412
1544921
1540679
1540097
1544267
1538448
1543207
1542327
1544045
1541228
1544892
1541952
1537287
1528138
1515198
1540438
1535984
1468512
1499562
1538833
1542368
1539840
1543616
1544544
1515369
1538852
1540679
1541840
1543003
1540016
1543207
1538448
1541672
1541228
1542368
1542327
1544892
1499562
1540438
1529151
1544045
1548744
1541952
1468512
1537287
1542387
1535189
1528138
1535275
1544921
1515198
1544544
1537538
1542811
1542387
1541042
1541672
1543003
1543207
1540016
1541767
1544892
1542200
1541952
1529151
1538448
1543616
1537538
1541228
1499562
1542368
1542327
1540097
1540438
1548744
1544267
1548744
1542387
1541042
1544892
1541672
1543003
1534241
1058915
1543207
1539840
1542492
1540016
1480596
1544045
1541767
1493044
1543040
1528138
1523853
1540097
1541952
1541228
1543616
1542327
1540438
1538448
1515198
1542378
1539547
1548744
1542492
1542387
1541042
1541672
1542327
1058915
1493044
1534241
1543003
1543207
1541952
1542368
1544231
1523853
1540438
1480596
1535189
1541228
1540016
1539840
1542200
1514351
1537538
1519306
1541818
1542378
1539547
1548744
1542387
1493044
1542492
1541042
1535275
1539840
1541672
1542200
1540016
1058915
1542327
1542368
1480596
1534241
1519306
1543003
1541952
1543207
1535189
1544231
1540438
1541228
1542589
1543449
1541818
1535275
1548744
1542378
1539547
1493044
1542387
1541672
1536837
1542492
1519306
1543616
1542200
1528138
1541042
1540097
1539840
1490131
1543207
1542327
1543449
1540509
1542589
1541818
1542387
1548744
1539547
1535275
1536837
1542378
1493044
1535984
1058915
1520255
1541672
1542368
1541228
1542492
1473929
1543207
1519306
1542214
1544045
1541042
1540509
1543449
1542589
1539547
1426439
1542387
1541818
1548744
1539840
1520255
1541042
1493044
1542214
1542378
1536837
1543003
1550353
1540016
1543616
1535275
1543207
1543833
1545642
1542378
1541818
1540509
1543449
1548744
1528138
1426439
1542589
1520255
1542214
1529840
1539547
1542387
1541672
1538296
1542200
1539840
1541042
1495258
1519306
1543003
1493044
1544267
1549564
1543833
1545642
1542593
1539547
1541818
1543449
1540509
1538296
1542378
1520255
1542214
1548744
1542387
1542492
1542589
1529840
1058915
1510417
1542811
1528138
1495258
1541672
1542811
1544267
1549564
1542593
1545642
1543833
1540509
1542198
1538296
1520255
1510417
1541818
1538448
1535984
1539547
1541042
1542492
1542387
1542214
1540016
1495258
1543449
1542378
1498217
1548744
1535275
1544917
1542811
1544267
1549564
1543833
1510417
1542593
1528138
1545642
1541042
1392498
1538296
1544045
1541818
1542387
1539547
1538448
1542198
1540509
1548744
1542378
1520255
1495258
1542214
1543612
1542811
1544917
1545642
1544267
1549564
1543833
1510417
1175893
1490131
1531674
1542593
1392498
1528138
1539547
1546302
1495258
1542214
1538296
1543449
1541818
1544920
1541042
1515198
1549356
1542589
1544921
1543612
1543833
1490131
1531674
1542811
1545483
1543449
1549564
1058915
1175893
1543725
1544917
1495258
1545642
1542593
1544267
1510417
1542456
1540016
1532353
1542589
1541818
1544920
1549356
1538296
1541110
1543725
1544921
1537697
1543612
1531674
1543833
1490131
1545483
1542456
1544917
1542811
1543449
1547234
1495258
1175893
1542593
1549564
1545642
1544267
1058915
1542200
1542212
1510417
1543725
1548542
1547234
1541110
1544921
1531674
1545642
1545483
1543612
1544917
1543833
1490131
1516928
1538448
1543449
1495258
1542456
1537697
1542811
1526538
1515198
1542214
1544920
1472338
1538296
1542212
1546576
1542589
1538833
1544920
1541352
1541374
1545092
1543725
1548542
1544921
1543612
1544917
1531674
1523853
1517486
1541110
1547234
1175893
1058915
1538296
1516928
1528138
1526538
1543449
1543833
1545483
1540044
1490131
1545642
1542811
1544920
1542987
1541352
1541374
1523853
1544921
1526538
1543612
1545092
1550353
1517486
1538296
1543725
1531674
1544045
1516928
1548542
1543833
1175893
1495258
1536770
1544917
1058915
1543449
1540044
1544920
1542589
1535944
1541352
1545177
1549564
1542987
1541374
1543612
1545642
1545092
1526538
1523853
1175893
1541110
1549841
1517486
1538296
1542593
1550353
1543725
1472338
1531674
1543449
1544921
1543833
1445192