1546576
1535944
1549841
1544920
1545177
1541352
1541374
1525256
1549564
1542589
1175893
1466150
1553072
1542987
1543725
1543612
1528138
1542456
1545092
1472338
1531674
1526538
1544921
1489927
1523853
1541818
1545483
1541330
1546576
1547161
1549222
1549841
1541723
1535944
1466150
1544920
1175893
1545177
1545353
1543240
1525256
1541352
1058915
1545092
1472338
1543612
1531674
1541374
1528138
1542987
1543725
1546520
1541330
1537094
1547161
1541723
1546576
1543240
1544920
1549841
1535944
1549222
1466150
1472338
1525256
1542200
1175893
1490131
1541352
1545177
1543612
1543725
1475838
1531674
1545092
1546302
1541818
1551620
1546302
1545546
1546520
1549710
1546576
1547161
1551620
1540509
1541330
1537094
1548491
1541723
1175893
1544920
1462478
1543725
1472338
1549355
1538296
1549222
1475838
1543612
1550334
1525585
1546302
1551620
1545546
1542987
1462478
1546520
1547161
1538296
1175893
1475838
1549710
1535944
1541330
1544920
1546576
1543725
1541723
1548491
1535275
1549222
1543612
1541818
1540509
1548008
1472338
1525585
1546302
1462478
1550334
1545546
1541330
1547161
1535275
1550486
1551620
1175893
1518067
1475838
1544920
1546520
1542987
1518389
1545092
1514351
1543725
1543612
1531674
1507275
1466150
1544921
1541818
1549140
1548406
1525585
1548752
1550334
1462478
1550486
1545546
1546302
1547161
1535275
1490131
1551620
1475838
1541330
1544920
1540044
1431167
1175893
1543725
1544045
1531674
1472338
1548533
1534463
1548539
1549140
1548406
1462478
1525585
1547161
1535275
1550334
1546302
1548752
1550486
1516928
1551620
1545546
1543725
1552510
1541330
1531674
1550956
1175893
1490131
1541818
1525585
1534463
1548533
1548406
1548539
1549140
1516928
1546320
1547161
1551620
1462478
1546302
1550334
1535275
1542200
1535189
1540044
1550486
1545546
1531674
1551708
1546320
1541818
1534463
1548533
1549140
1525585
1548406
1547161
1548539
1541330
1516928
1541723
1546302
1544328
1551620
1535275
1462478
1548072
1540044
1550334
1546058
1548775
1551708
1541818
1546320
1534463
1549140
1548533
1548406
1548539
1525585
1551620
1535275
1538296
1550877
1541723
1552510
1548072
1550012
1541330
1543725
1546302
1531674
1553167
1548072
1546058
1539291
1550877
1548775
1545642
1551708
1534463
1541818
1549140
1548533
1551620
1541330
1541374
1525585
1546320
1555615
1538296
1531674
1431167
1546302
1543725
1490131
1546556
1548072
1550877
1546058
1539291
1544045
1549140
1548775
1538296
1551708
1541818
1548533
1551620
1525585
1545642
1534463
1552510
1541330
1503049
1545344
1548072
1549118
1546556
1507275
1550877
1546058
1534463
1539291
1551620
1541818
1544045
1431167
1548008
1541330
1548775
1549140
1525585
1544920
1545344
1546058
1548072
1370479
1546556
1549118
1507275
1551620
1546320
1550877
1541818
1487088
1480593
1548533
1543725
1539291
1483232
1541330
1545344
1370479
1549759
1548886
1544920
1546058
1546556
1548072
1548533
1534463
1546193
1551620
1550877
1469870
1507275
1549118
1551708
1546320
1541818
1551274
1554016
1551501
1548886
1553475
1544920
1546058
1370479
1545344
1550877
1469870
1549759
1548072
1546556
1548533
1541818
1553067
1551708
1553167
1550129
1553167
1549356
1551274
1554016
1553620
1548886
1551501
1550877
1553475
1546058
1370479
1545344
1544920
1534463
1469870
1546320
1548072
1551620
1538296
1548533
1552385
1548092
1547476
1550012
1553167
1550129
1553620
1551274
1555055
1549356
1536434
1554016
1545344
1538296
1551708
1551501
1546058
1550877
1534463
1556052
1553067
1548072
1544920
1550956
1548886
1551620
1541330
1538590
1552510
1550800
1553067
1550012
1547476
1548092
1553620
1555055
1553167
1551274
1549356
1451501
1554016
1550129
1538296
1550877
1546058
1556052
1536434
1551708
1544045
1552385
1545344
1551620
1548886
1538590
1548072
1548008
1552510
1550800
1553067
1451501
1550012
1548092
1551274
1541818
1555055
1547476
1554016
1548533
1553620
1538590
1549356
1553167
1557610
1550877
1552385
1546058
1550129
1551708
1546320
1538296
1555361
1548072
1489813
1548008
1451501
1548092
1530409
1550012
1553067
1550800
1553167
1538590
1552510
1548072
1551274
1557005
1555055
1549356
1554016
1550877
1553620
1534463
1541818
1546193
1547476
1556052
1543725
1557281
1555974
1556635
1489813
1551742
1548008
1546058
1553067
1550800
1548092
1554016
1451501
1550012
1530409
1538590
1551274
1545344
1552510
1514193
1549356
1551620
1553167
1553620
1550877
1557281
1555974
1552821
1526084
1556635
1514060
1489813
1553067
1550800
1557281
1548008
1451501
1551274
1551742
1549356
1546058
1554016
1548092
1554012
1538590
1541330
1552510
1556052
1555055
1550012
1553167
1553620
1530409
1514193
1552585
1546058
1553072
1556635
1552821
1548008
1526084
1514060
1553067
1489813
1554016
1557281
1551274
1549356
1538590
1550800
1553620
1545092
1548092
1550623
1552585
1556635
1553072
1548008
1552821
1550800
1546058
1546556
1514060
1526084
1554016
1541330
1553067
1538590
1557281
1489813
1551274
1553167
1549356
1058915
1552510
1556052
1552385
1552585
1556635
1552510
1553072
1552821
1546556
1541840
1546058
1554016
1551274
1514060
1544045
1548008
1548533
1550800
1550877
1553067
1545092
1526084
1538590
1557281
1553167
1548092
1541818
1553620
1552385
1550129
1555934
1548008
1556635
1507499
1552585
1551274
1552510
1550800
1451501
1546556
1553072
1541840
1555579
1552821
1287108
1544045
1555829
1553067
1554016
1553620
1556052
1546058
1548092
1550956
1514607
1555597
1552385
1555934
1556635
1550129
1545344
1552585
1552510
1451501
1507499
1554016
1489813
1555212
1555579
1551245
1551274
1548008
1287108
1548539
1541840
1553620
1553067
1550800
1555597
1552385
1556635
1552585
1553608
1555934
1550956
1545344
1541374
1514607
1555212
1555579
1550129
1552450
1451501
1287108
1489813
1507499
1552510
1551245