1535849
1502786
1499562
1529058
1529236
1532729
1457574
1466295
1528768
1533312
1530075
1514351
1520355
1536341
1533669
1531130
1534725
1532322
1445388
1524512
1503672
1531364
1522652
1527766
1530201
1529077
1535227
1457574
1535849
1522652
1533669
1530126
1502786
1533312
1528768
1499562
1529058
1529236
1532322
1524512
1532729
1530075
1466295
1531130
1528261
1534725
1531364
1536341
1530201
1526834
1533717
1536786
1530250
1457574
1535227
1530075
1535849
1536601
1522652
1527303
1530126
1533312
1528768
1502786
1532322
1533669
1524512
1526834
1536341
1534725
1531130
1533717
1530250
1536786
1530075
1457574
1502786
1535849
1535227
1527303
1530126
1480975
1536601
1533312
1522652
1532322
1533669
1510401
1528597
1528768
1531130
1534725
1503049
1526834
1533489
1530753
1534460
1528597
1533717
1480975
1536786
1499562
1530250
1533669
1535849
1457574
1533312
1530075
1469870
1502786
1433867
1522652
1528261
1530126
1528768
1531130
1527303
1510401
1535916
1535227
1536006
1528597
1534460
1469870
1533717
1480975
1502786
1535849
1535809
1530250
1536786
1533312
1534247
1457574
1529296
1499562
1530753
1533669
1510401
1537934
1522652
1530126
1526834
1528768
1536006
1469870
1535809
1533717
1535339
1528597
1534460
1534247
1536786
1529296
1480975
1533669
1535849
1533312
1457574
1528261
1502786
1535227
1530250
1536851
1518234
1535680
1536006
1535809
1535339
1534247
1469870
1502786
1534460
1533717
1536851
1466295
1530762
1532322
1444462
1528597
1533312
1535849
1529296
1457574
1514351
1536786
1535227
1524512
1527076
1535564
1530126
1534131
1536142
1518067
1527486
1535680
1536138
1534247
1535339
1536006
1536601
1535809
1533717
1528597
1469870
1457574
1535849
1490534
1533312
1502786
1532322
1529296
1535916
1444462
1534460
1535916
1431167
1518067
1491816
1533717
1536142
1527486
1536138
1535680
1536006
1533669
1535339
1534247
1536786
1533312
1535809
1536601
1528597
1457574
1522652
1490534
1535849
1534926
1529840
1535916
1431167
1518067
1536006
1536142
1502786
1527486
1533717
1536138
1533312
1539398
1535227
1457574
1535339
1535849
1490534
1534247
1528597
1491816
1535680
1444462
1535990
1536636
1529840
1534926
1535916
1431167
1518067
1536006
1533312
1539398
1536142
1532322
1527486
1533717
1490534
1535849
1457574
1523641
1528597
1502786
1535809
1537934
1535193
1536636
1539398
1535916
1467011
1534926
1519716
1529840
1431167
1178496
1502786
1536006
1533312
1518067
1535680
1536142
1527486
1536601
1535339
1523641
1457574
1536143
1519716
1536636
1467011
1535193
1535916
1539398
1534926
1431167
1178496
1536006
1533312
1513942
1529840
1495258
1536142
1502786
1518067
1537934
1535189
1536143
1519716
1529840
1535916
1538590
1536636
1536006
1513942
1467011
1431167
1535193
1502786
1523641
1533312
1502251
1539398
1534926
1536142
1538296
1178496
1537701
1537934
1538590
1534681
1535189
1536143
1536636
1535916
1466295
1519716
1535680
1523641
1431167
1536006
1533312
1529840
1493044
1538296
1539398
1513942
1534926
1467011
1531641
1502786
1539895
1535485
1537701
1537934
1538590
1538296
1534926
1536636
1518067
1536143
1431167
1533312
1535916
1531641
1536006
1535189
1534681
1539398
1529840
1528597
1514351
1532322
1519716
1536142
1466295
1523641
1513942
1538661
1535485
1538296
1531641
1537934
1538590
1537701
1533312
1535916
1431167
1536006
1534926
1528597
1536143
1536636
1518067
1530201
1536142
1536770
1539398
1529840
1541228
1538667
1536608
1535485
1538228
1525339
1537934
1538661
1538296
1502786
1519716
1538590
1533312
1530201
1431167
1535189
1537701
1535916
1534926
1536006
1531641
1536142
1541228
1539291
1528597
1539895
1538667
1536608
1535485
1525339
1538228
1538661
1538590
1536636
1533312
1537934
1431167
1538296
1530201
1534388
1533669
1502786
1537701
1538852
1534926
1541424
1539895
1538667
1535485
1536143
1519618
1533832
1525256
1536608
1533312
1537934
1534926
1529236
1538661
1530201
1538228
1525339
1538590
1528597
1536132
1535485
1519618
1541424
1538667
1534388
1537934
1539895
1525256
1536143
1502786
1529840
1533312
1493044
1537701
1537645
1519716
1535189
1536608
1536006
1534926
1534388
1536132
1524857
1535485
1533836
1538667
1539895
1541424
1536006
1537701
1529840
1519618
1533312
1537934
1525256
1536143
1534725
1538590
1538228
1537645
1536975
1539146
1542206
1534388
1536132
1538667
1533836
1534994
1533312
1537934
1535485
1541424
1524857
1431167
1539895
1538296
1541952
1536143
1537701
1541228
1536393
1529840
1514351
1536393
1536975
1539146
1542206
1536132
1534994
1540097
1502786
1534388
1380266
1538296
1538667
1533836
1535485
1537934
1533312
1431167
1541228
1535189
1538228
1536143
1539587
1541915
1536393
1539146
1540097
1536975
1536132
1525339
1538590
1542206
1533312
1380266
1534994
1534388
1535485
1519716
1533836
1537934
1535193
1538296
1431167
1502786
1538667
1541382
1524804
1533083
1506412
1541915
1539146
1540097
1539587
1537554
1536393
1534388
1536975
1537934
1536132
1520255
1535193
1533312
1538228
1537645
1533489
1538590
1541424
1533083
1506412
1536975
1536393
1539587
1539146
1537554
1540097
1538667
1534388
1537645
1541915
1520255
1533489
1531467
1536132
1533312
1535193
1528805
1537934
1488702
1509111
1535353
1541915
1445396
1536393
1536132
1539146
1506412
1530059
1533083
1536975
1540097
1533489
1537645
1544920
1544917
1533312
1528805
1540158
1539587
1520255
1431167
1538590
1538667
1534388
1488702
1537554
1538852
1509111
1445396
1540097
1535353
1541915
1539146
1530201
1534388
1502786
1539587
1448875
1536393
1536132
1528805
1536975
1535680
1533312
1538590
1533083
1506412
1533489
1538228
1431167
1534691