1514060
1518989
1513152
1518926
1517315
1512149
1518357
1515335
1522344
1333481
1517260
1518606
1516023
1516822
1518354
1502786
1489957
1516220
1520161
1520019
1515369
1515843
1515654
1514060
1517315
1517260
1515843
1515335
1461084
1513152
1518606
1518989
1512149
1518357
1489957
1502786
1333481
1518926
1479083
1516023
1522344
1506379
1515369
1511320
1514351
1463801
1459822
1519560
1514060
1518989
1517260
1518606
1461084
1518926
1517315
1518354
1515335
1512149
1513152
1518357
1515843
1479083
1333481
1516023
1502786
1506529
1520019
1520161
1514060
1521049
1519560
1499562
1518989
1520355
1518926
1518606
1502786
1518357
1517315
1461084
1517260
1513152
1515843
1522344
1512149
1459822
1515335
1466215
1514078
1520019
1518354
1515369
1501143
1523472
1433867
1521049
1516334
1510436
1519560
1518989
1514060
1518926
1520355
1499562
1518357
1511320
1518354
1517315
1520760
1515843
1513152
1515369
1512149
1510436
1501143
1521400
1433867
1524512
1523472
1521049
1514060
1514351
1502786
1516334
1518357
1518926
1519560
1518989
1517315
1520355
1513152
1515843
1423776
1499562
1518354
1521400
1524512
1501143
1510436
1518989
1518926
1514060
1433867
1515335
1503049
1511320
1518357
1523472
1516220
1517315
1513152
1516334
1502786
1515843
1445388
1520760
1499562
1423776
1509332
1516889
1524514
1517340
1521400
1433867
1509332
1524512
1503049
1519560
1514060
1502786
1518357
1510436
1315795
1515335
1501143
1518926
1489122
1515843
1518989
1517315
1409899
1513152
1522370
1509332
1512756
1464650
1516889
1517340
1433867
1315795
1518989
1521400
1518926
1461084
1514060
1519734
1516220
1518357
1520355
1524514
1519560
1503049
1501143
1520161
1522703
1512756
1489122
1518926
1509332
1464650
1433867
1502786
1315795
1514060
1517340
1521400
1516023
1518357
1524512
1510436
1519560
1501143
1520355
1518989
1520161
1516889
1479083
1489122
1499562
1464650
1501143
1433867
1512756
1521400
1461193
1499680
1519560
1514060
1519734
1520355
1450363
1516889
1518357
1522703
1509332
1518926
1509295
1521760
1479083
1514351
1512168
1518926
1519734
1315795
1502786
1433867
1489122
1450363
1501143
1514060
1464650
1499562
1521400
1519560
1518357
1522370
1461193
1452016
1509332
1523655
1512168
1519399
1521760
1502933
1464650
1514351
1450363
1433867
1518926
1514060
1519560
1521400
1479083
1517340
1315795
1518357
1499562
1501143
1524512
1522474
1516220
1519132
1519399
1523655
1512168
1518926
1519560
1520355
1501143
1502786
1521760
1502933
1516220
1514060
1450363
1521400
1489122
1518357
1505480
1464650
1499562
1409899
1463801
1514680
1519132
1519399
1515198
1464650
1433867
1523655
1512756
1524512
1373173
1518926
1519560
1520355
1501143
1514060
1450363
1516220
1521400
1512168
1518357
1502786
1502933
1499562
1409899
1521240
1479083
1514680
1519399
1518926
1521760
1515198
1519132
1502786
1523655
1461084
1514351
1516220
1521400
1514060
1464650
1518357
1519560
1521240
1520171
1516023
1519132
1514680
1479083
1501143
1519399
1503049
1433867
1525256
1523655
1464650
1518926
1515198
1514060
1518357
1521760
1521400
1525256
1516928
1520171
1518926
1519399
1521240
1502786
1521760
1501143
1517509
1520355
1433867
1519132
1516023
1480593
1499680
1514060
1479083
1514680
1521721
1525256
1428880
1520171
1525846
1516928
1519132
1512149
1516023
1501143
1519399
1517509
1514060
1521400
1502786
1514680
1518926
1489122
1521445
1519580
1525196
1521721
1428880
1525846
1520171
1525256
1512149
1502786
1501143
1524512
1514060
1519132
1519399
1521400
1523655
1522370
1525196
1519580
1521445
1521721
1428880
1512149
1523832
1518989
1518926
1525846
1520171
1521400
1520355
1509332
1519560
1519399
1525256
1519132
1522370
1521445
1519580
1525196
1523832
1520171
1512149
1502786
1433867
1525846
1521400
1516334
1521721
1509332
1428880
1519399
1518926
1523655
1519132
1518989
1525206
1523730
1518357
1521445
1522370
1521721
1525196
1523832
1461084
1520171
1519580
1512149
1521400
1519560
1520355
1523655
1525206
1433867
1525846
1524936
1466295
1521445
1530361
1521721
1519580
1502786
1374356
1519132
1522370
1521400
1512149
1461084
1525196
1516023
1523832
1526084
1525206
1520171
1524936
1530361
1466295
1521445
1374356
1526724
1521721
1521400
1519580
1522370
1502786
1525206
1512149
1526084
1489122
1523832
1524189
1526724
1524936
1530361
1479489
1466295
1521721
1502786
1374356
1520161
1521445
1521400
1433867
1529261
1526084
1525206
1495178
1528768
1509332
1519580
1526084
1507471
1523650
1513942
1524189
1525206
1526724
1524936
1479489
1529261
1521721
1513136
1479083
1523086
1530361
1520171
1466295
1525196
1521400
1521445
1374356
1528468
1526084
1521712
1513136
1523650
1507471
1529261
1513942
1525206
1482249
1524189
1524936
1521721
1526724
1502786
1478709
1501143
1521400
1479489
1523086
1530361
1466295
1528768
1520171
1521445
1512756
1529151